inherit_from: "base_config.yaml"

Dataset:
  dataset_path: "data/tum/rgbd_dataset_freiburg2_xyz"
  Calibration:
    fx: 520.908620
    fy: 521.007327
    cx: 325.141442
    cy: 249.701764
    k1: 0.231222
    k2: -0.784899
    p1: -0.003257
    p2: -0.000105
    k3: 0.917205
    distorted: True
    width: 640
    height: 480
    depth_scale: 5208.0
